12CD17|MB01|13|5|2023|15|51|Phu Quoc|3|180|180|
KHH|MB01|15|5|2023|3|3|Phu Yen|3|180|180|
MB|MB04|15|5|2023|0|0|Hong Kong|3|84|84|
MB001|MB07|15|2|2024|23|0|Hong Kong|1|90|90|
MB003|MB09|5|6|2024|2|0|Hong Kong|1|204|204|
MNN|MB03|15|5|2023|0|0|Dak Lak|3|99|99|
MNN1|MB11|13|5|2023|19|25|Da Lat|3|190|190|
VBD3|MB05|15|5|2023|6|6|Ha Noi|3|78|78|
VBD4|MB13|15|5|2023|6|6|Ha Noi|3|168|168|
VN272|VN001|14|6|2023|10|0|Thanh Pho Ho Chi Minh|2|20|0|0|000000000038|1|000000000013|2|000000000025|3|000000000050|4|000000000001|5|000000000002|6|000000000003|7|000000000049|8|000000000035|9|000000000017|10|000000000011|11|000000000030|12|000000000043|13|000000000007|14|000000000009|15|000000000010|16|000000000020|17|000000000040|18|000000000048|19|000000000024|
